0.97
0.97
0.97
0.97
0.97
0.97
0.97
0.97
0.97
0.97
0.97
0.97
0.97
0.97
0.96
0.97
0.97
0.97
0.97
0.97
0.97
0.97
0.97
0.96
0.97
0.97
0.96
0.97
0.96
0.97
0.97
0.97
0.97
0.96
0.97
0.97
0.96
0.97
0.97
0.96
0.97
0.97
0.97
0.97
0.96
0.97
0.96
0.97
0.96
0.97
0.96
0.96
0.98
0.97
0.97
0.97
0.99
0.97
0.96
0.97
0.95
1.01
0.98
0.96
0.96
0.98
0.97
0.97
0.97
0.97
0.97
1.12
1.0
1.11
1.02
0.95
1.01
0.89
1.04
1.93
0.79
1.0
0.88
1.04
0.87
0.81
0.96
1.23
1.01
0.87
0.92
0.97
1.08
2.08
0.3
0.52
0.83
1.8
0.88
0.84
1.01
0.92
1.28
2.25
0.72
0.6
0.81
1.93
1.8
0.63
0.88
1.01
0.92
1.02
1.64
1.77
0.59
1.24
0.86
2.43
0.67
0.43
1.35
0.96
0.95
0.79
1.11
1.96
1.45
0.38
0.74
2.78
1.9
0.67
0.83
1.17
0.93
0.92
0.95
1.63
1.45
0.67
0.35
0.17
1.39
1.87
0.86
0.97
1.01
0.77
0.99
1.8
1.11
0.3
0.27
1.21
1.85
1.05
0.96
1.0
0.99
0.93
1.02
1.11
1.56
1.28
0.34
0.45
0.46
0.88
1.83
1.08
0.9
0.95
1.04
0.98
1.02
1.31
1.92
0.26
0.33
0.59
1.85
1.29
0.92
0.9
1.1
0.87
0.88
1.56
1.47
0.3
0.47
0.57
2.12
1.22
1.04
0.85
1.04
0.82
0.9
1.27
2.22
0.64
0.88
0.76
2.46
1.41
0.79
0.83
1.1
0.97
0.87
1.0
1.97
1.73
0.49
0.32
2.12
1.92
0.89
0.86
1.01
0.94
0.94
1.04
0.94
1.15
2.32
1.28
1.06
0.34
2.95
1.3
0.74
0.86
1.05
1.09
0.94
0.81
1.0
1.53
2.02
0.55
0.85
0.39
2.58
1.04
0.84
0.89
1.09
0.9
0.92
1.04
1.03
1.43
1.89
1.0
0.71
0.44
2.9
1.23
0.92
0.89
1.06
1.06
1.0
0.95
0.94
0.91
0.97
1.0
0.9
0.92
1.03
1.11
0.97
0.81
1.11
1.0
0.9
0.99
0.96
1.16
0.99
0.96
0.98
0.96
0.97
0.96
0.97
0.97
0.98
0.97
0.97
0.98
0.98
0.97
0.97
0.97
0.97
0.97
0.97
0.97
0.98
0.97
0.96
0.97
0.96
0.97
0.96
0.98
0.97
0.97
0.97
0.98
0.97
0.97
0.97
0.97
0.97
0.98
0.97
0.97
0.97
0.97
0.98
0.97
0.98
0.97
0.97
0.96
0.97
0.97
0.98
0.98
0.97
0.98
0.97
0.97
0.97
0.97
0.97
0.97
0.98
0.97
0.97
0.97
0.97
0.96
0.96
0.97
0.96
0.97
0.98
0.97
0.96
0.97
0.98
0.97
0.98
0.96
0.97
0.97
0.97
0.98
0.97
0.98
0.97
0.97
0.97
0.97
0.97
0.97
0.97
0.97
0.97
0.97
0.96
0.98
0.97
0.97
0.97
0.97
1.11
1.0
1.29
0.78
1.41
0.8
0.8
0.92
1.42
1.11
0.95
0.96
0.96
0.97
0.97
0.96
0.97
0.96
0.99
0.97
0.98
0.98
0.98
0.98
0.98
0.97
0.98
0.98
0.98
0.98
0.98
0.99
0.98
0.95
0.98
0.98
0.97
0.97
0.98
0.98
0.98
0.98
0.98
0.98
1.03
0.96
0.98
0.97
0.98
0.98
0.97
0.98
0.98
0.97
0.98
0.98
0.98
0.98
0.97
0.98
0.98
0.98
0.98
0.97
0.98
0.98
0.98
0.97
0.98
0.98
0.98
0.98
0.98
0.98
0.97
0.98
0.96
0.98
0.97
0.98
0.98
0.97
0.97
0.98
0.98
0.97
0.98
0.97
0.97
0.98
0.98
0.97
0.97
0.98
0.98
0.98
0.98
0.98
0.98
0.98
0.97
0.98
0.98
0.98
0.97
0.98
0.97
0.96
0.94
0.98
0.97
0.98
0.98
0.98
0.97
0.98
0.98
0.99
0.98
0.98
0.98
0.97
0.97
0.98
0.97
0.98
0.98
0.98
0.98
0.98
0.98
0.98
0.98
0.97
0.97
0.97
0.97
0.97
0.98
0.98
0.98
0.97
0.98
0.97
0.97
0.98
0.97
0.98
0.98
0.97
0.98
0.98
0.97
0.98
0.97
0.98
0.98
0.98
0.97
0.98
0.98
0.97
0.98
0.97
0.98
0.98
0.97
0.98
0.97
0.98
0.97
0.98
0.97
0.97
0.97
0.97
0.98
0.97
0.97
0.98
0.98
1.06
1.37
0.87
0.93
1.11
1.27
1.05
0.98
1.0
1.02
1.45
2.11
0.99
0.96
0.94
0.98
1.0
0.97
1.09
0.85
1.03
0.98
1.05
0.89
0.97
0.97
0.97
0.96
1.14
1.2
0.97
1.54
1.04
0.95
0.89
0.95
0.79
0.85
1.11
0.93
1.31
0.86
1.06
0.87
0.9
0.94
1.13
1.1
0.99
0.89
1.03
0.97
0.85
1.0
1.11
1.0
0.99
0.99
0.96
0.98
0.98
0.98
0.99
0.96
0.98
0.99
0.98
1.0
1.0
1.0
