8.0
0.97
0.98
0.97
0.97
0.97
0.97
0.97
0.97
0.98
0.97
0.97
0.97
0.97
0.98
0.97
0.97
0.97
0.97
0.97
0.97
0.97
0.97
0.98
0.98
0.98
0.97
0.98
0.97
0.97
0.98
0.97
0.98
0.97
0.98
0.98
0.97
0.98
0.97
0.98
0.97
0.98
0.97
0.98
0.97
0.97
0.97
0.98
0.97
0.97
0.97
0.97
0.97
0.97
0.98
0.97
0.98
0.98
0.98
0.97
0.98
0.97
0.98
0.97
0.97
0.98
0.97
0.97
0.97
0.97
0.97
0.97
0.97
0.97
0.97
0.97
0.97
0.97
0.97
0.97
0.97
0.98
0.98
0.98
0.98
0.97
0.97
0.97
0.98
0.97
0.97
0.97
0.97
0.97
0.97
0.97
0.97
0.98
0.98
0.99
0.97
0.97
0.97
0.97
0.98
0.97
0.97
0.97
0.97
0.97
0.97
0.98
0.97
0.98
0.98
0.98
0.97
0.97
0.97
0.98
0.97
0.98
0.97
0.98
0.98
0.97
0.97
0.97
0.98
0.98
0.98
0.97
0.98
0.97
0.97
0.97
0.97
0.97
0.97
0.97
0.97
0.97
0.97
0.97
0.99
0.97
0.97
0.97
0.98
0.97
0.98
0.97
0.97
0.97
0.97
0.97
0.98
0.98
0.97
0.97
0.97
0.98
0.97
0.97
0.97
0.98
0.97
0.97
0.97
0.98
0.98
0.98
0.97
0.98
0.97
0.97
0.97
0.98
0.97
0.98
0.97
0.98
0.97
0.97
0.98
0.97
0.97
0.96
0.98
0.98
0.97
0.98
0.97
0.99
0.97
0.96
0.98
0.97
0.98
0.98
0.97
0.96
0.98
0.97
0.98
0.97
0.98
0.97
0.97
0.98
0.97
0.97
0.98
0.97
0.97
0.97
0.96
0.98
0.98
0.98
0.98
0.97
0.98
0.97
0.98
0.97
0.98
0.98
0.97
0.97
0.97
0.97
0.97
0.97
0.98
0.97
0.97
0.97
0.97
0.98
0.97
0.97
0.97
0.97
0.97
0.97
0.97
0.98
0.97
0.98
0.98
0.97
0.98
0.97
0.98
0.98
0.97
0.98
0.97
0.97
0.98
0.98
0.97
0.98
0.97
0.98
0.97
0.97
0.97
0.98
0.98
0.97
0.97
0.97
0.97
0.97
0.98
0.96
0.98
0.97
0.97
0.97
0.98
0.97
0.97
0.97
0.98
0.97
0.98
0.97
0.98
0.98
0.97
0.97
0.98
0.97
0.98
0.98
0.98
0.97
0.98
0.97
0.97
0.97
0.97
0.97
0.97
0.97
0.97
0.97
0.98
0.97
0.98
0.98
0.97
0.97
0.98
0.97
0.97
0.98
0.98
0.97
0.98
0.98
0.97
0.97
0.98
0.97
0.97
0.97
0.97
0.96
0.98
0.97
0.97
0.98
0.97
0.98
0.97
0.97
0.97
0.97
0.98
0.98
0.97
0.97
0.98
0.98
0.97
0.98
0.97
0.88
1.02
0.97
1.0
0.98
0.95
1.14
1.03
0.81
1.25
0.93
0.88
0.94
1.02
0.95
0.92
0.95
1.01
0.95
0.96
0.97
0.93
0.95
0.82
0.95
1.02
0.93
0.53
0.98
0.8
1.06
1.02
0.97
1.09
0.99
1.04
0.99
0.99
1.05
1.26
0.96
0.97
0.94
0.92
0.98
0.96
1.0
1.07
0.96
1.04
0.95
0.94
1.2
1.1
0.99
1.04
1.07
1.19
0.43
0.74
1.62
0.8
0.51
1.07
1.24
0.98
1.07
1.03
0.85
1.08
0.88
0.78
1.24
0.44
0.58
1.21
1.52
1.19
0.2
1.69
1.23
1.46
0.99
0.34
0.95
1.27
1.47
0.65
0.34
1.31
1.04
1.3
1.47
0.18
1.49
1.08
1.21
1.12
1.15
0.26
1.64
1.41
0.55
0.78
1.35
1.18
1.01
1.04
0.94
1.01
1.02
0.99
1.03
1.07
0.98
0.93
0.94
0.85
0.96
0.94
0.88
1.26
0.85
1.07
1.19
0.84
1.16
1.04
0.97
0.96
0.97
0.99
1.13
1.18
0.63
0.75
0.75
0.86
0.79
1.02
1.08
0.99
0.94
0.97
0.98
0.95
0.9
0.94
0.9
1.04
1.07
0.99
1.03
1.1
1.03
0.76
1.09
1.25
1.37
0.98
0.89
0.77
0.91
0.98
0.98
0.97
0.98
0.97
0.98
0.97
0.98
0.97
0.98
0.98
0.98
0.98
0.98
0.98
0.98
0.97
0.98
0.97
0.98
0.98
0.98
0.98
0.97
0.97
0.98
0.98
0.98
0.97
0.97
0.97
0.97
0.98
0.98
0.97
0.97
0.98
0.97
0.98
0.97
0.97
0.97
0.97
0.98
0.98
0.97
0.97
0.98
0.98
0.97
0.97
0.98
0.97
0.99
0.97
0.98
0.98
0.97
0.98
0.98
0.98
0.97
0.98
0.97
0.98
0.97
0.98
0.97
0.97
0.96
0.97
0.97
0.98
0.98
0.97
0.97
0.97
0.97
0.98
0.97
0.98
0.97
0.97
0.98
0.98
0.97
0.97
0.97
0.97
0.98
0.98
0.96
0.98
0.97
0.98
0.97
0.98
0.98
0.98
0.97
0.98
0.98
0.98
0.98
0.97
0.98
